[["2020-12-26",9714,330,4438,107417,286],
["2020-12-25",9654,327,4438,107417,285],
["2020-12-24",9593,321,4438,107417,284],
["2020-12-23",9515,318,4438,107417,283],
["2020-12-22",9464,309,4438,107417,282],
["2020-12-21",9409,307,4438,107417,281],
["2020-12-20",9382,302,4438,107417,280],
["2020-12-19",9310,295,4438,107417,279],
["2020-12-18",9269,287,4438,107417,278],
["2020-12-17",9207,285,4438,107417,277],
["2020-12-16",9100,281,4438,107417,276],
["2020-12-15",9023,278,4438,107417,275],
["2020-12-14",8957,273,4438,107417,274],
["2020-12-13",8915,269,4438,107417,273],
["2020-12-12",8854,263,4438,107417,272],
["2020-12-11",8812,254,4438,107417,271],
["2020-12-10",8704,249,4438,107417,270],
["2020-12-09",8596,247,4438,107417,269],
["2020-12-08",8518,240,4438,107417,268],
["2020-12-07",8439,235,4438,107417,267],
["2020-12-06",8397,228,4438,107417,266],
["2020-12-05",8347,225,4438,107417,265],
["2020-12-04",8310,221,4438,107417,264],
["2020-12-03",8206,220,4438,107417,263],
["2020-12-02",8105,215,3870,107417,262],
["2020-12-01",8035,213,3485,107417,261],
["2020-11-29",7917,207,3485,107417,260],
["2020-11-28",7886,207,3485,107417,259],
["2020-11-27",7810,206,3485,107417,258],
["2020-11-26",7716,201,3485,107417,257],
["2020-11-25",7615,198,3485,107417,256],
["2020-11-24",7511,193,3485,107417,255],
["2020-11-23",7431,188,3485,107417,254],["2020-11-22",7341,185,3336,107417,253],["2020-11-21",7251,183,3336,107417,252],
["2020-11-20",7183,180,3336,107417,251],["2020-11-19",7110,174,2737,107417,250],["2020-11-18",7012,169,2679,107417,249],
["2020-11-17",6910,163,2454,107417,248],["2020-11-16",6835,157,2369,107417,247],["2020-11-15",6717,149,2369,107417,246],
["2020-11-14",6650,145,2308,107417,245],["2020-11-13",6585,138,2222,107417,244],["2020-11-12",6464,131,2109,107417,243],
["2020-11-10",6420,123,2012,107417,242],["2020-11-09",6325,121,1938,107417,241],["2020-11-08",6228,117,1903,107417,240],
["2020-11-07",6088,115,1875,107417,239],["2020-11-06",5986,111,1857,107417,238],["2020-11-05",5782,107,1821,107417,237],
["2020-11-04",5632,102,1795,107417,236],["2020-11-03",5414,93,1772,107417,235],["2020-11-02",5329,91,1772,107417,234],
["2020-11-01",5203,89,1760,106640,233],["2020-10-31",5047,85,1715,105562,232],["2020-10-30",4816,85,1672,103888,231],
["2020-10-29",4627,84,1646,102661,230],["2020-10-28",4440,83,1632,101290,229],["2020-10-27",4251,79,1570,99882,228],
["2020-10-26",4079,79,1570,98465,227],["2020-10-25",3895,78,1542,97584,226],["2020-10-24",3720,76,1542,96848,225],
["2020-10-23",3638,74,1505,95647,224],["2020-10-22",3509,73,1426,94590,223],["2020-10-21",3382,72,1426,93627,222],
["2020-10-20",3261,71,1426,92897,221],["2020-10-19",3178,71,1426,92080,220],["2020-10-18",3077,71,1425,91281,219],
["2020-10-17",2984,70,1406,90771,218],["2020-10-16",2881,70,1369,89984,217],["2020-10-15",2838,70,1369,89268,216],
["2020-10-14",2763,70,1330,88588,215],["2020-10-13",2691,69,1305,87946,214],["2020-10-12",2676,69,1267,87458,213],
["2020-10-11",2657,67,1242,86919,212],["2020-10-10",2588,67,1211,86481,211],["2020-10-09",2549,67,1189,85801,210],
["2020-10-08",2505,66,1175,85145,209],["2020-10-07",2469,66,1175,84512,208],["2020-10-06",2396,66,1175,83840,207],
["2020-10-05",2378,65,1165,83412,206],["2020-10-04",2355,65,1153,82895,205],["2020-10-03",2343,65,1136,82637,204],
["2020-10-02",2313,65,1136,82044,203],["2020-09-30",2294,65,1122,81495,202],["2020-09-29",2284,64,1109,80951,201],
["2020-09-28",2259,64,1109,80391,200],["2020-09-27",2247,64,1109,79908,199],["2020-09-26",2218,62,1099,79539,198],
["2020-09-25",2193,61,1099,79005,197],["2020-09-24",2164,61,1099,78495,196],["2020-09-23",2136,60,1099,77951,195],
["2020-09-22",2103,60,1099,77322,194],["2020-09-21",2095,60,1099,76876,193],["2020-09-20",2088,60,1074,76519,192],
["2020-09-19",2067,59,1074,75887,191],["2020-09-18",2037,59,1074,75278,190],["2020-09-17",1999,59,1074,74637,189],
["2020-09-16",1972,59,1065,73997,188],["2020-09-15",1936,59,1036,73418,187],["2020-09-14",1921,59,1036,72982,186],
["2020-09-13",1918,59,1036,72396,185],["2020-09-12",1891,59,1036,72026,184],["2020-09-11",1867,59,1036,71597,183],
["2020-09-10",1847,58,1036,71037,182],["2020-09-09",1828,58,1036,70527,181],["2020-09-08",1807,58,1036,69942,180],
["2020-09-07",1771,58,1036,69508,179],["2020-09-06",1766,58,1036,68981,178],["2020-09-05",1748,58,1036,68771,177],
["2020-09-04",1733,56,1036,68199,176],["2020-09-03",1716,56,1030,67626,175],["2020-09-02",1696,56,1030,67156,174],
["2020-09-01",1686,56,1029,66613,173],["2020-08-31",1665,56,1028,66143,172],["2020-08-30",1652,56,1026,65518,170],
["2020-08-29",1650,56,1026,65216,169],["2020-08-28",1636,56,1024,64631,168],["2020-08-27",1620,56,1021,64142,167],
["2020-08-26",1602,56,1017,63553,166],["2020-08-25",1573,56,1013,63119,165],["2020-08-24",1570,56,1013,62674,164],
["2020-08-23",1547,56,1011,61956,163],["2020-08-22",1547,56,1006,61654,162],["2020-08-21",1534,56,1001,61077,161],
["2020-08-20",1511,55,998,60523,160],["2020-08-19",1491,55,964,59876,159],["2020-08-18",1456,55,964,59405,158],
["2020-08-17",1446,55,964,58983,157],["2020-08-16",1443,55,964,58420,156],["2020-08-15",1421,55,964,58119,155],
["2020-08-14",1399,55,948,57630,154],["2020-08-13",1380,54,945,57103,153],["2020-08-12",1372,53,933,56599,152],
["2020-08-11",1351,52,857,56074,151],["2020-08-10",1344,52,824,55686,150],["2020-08-09",1317,51,824,55167,149],
["2020-08-08",1314,51,824,54886,148],["2020-08-07",1298,51,824,54380,147],["2020-08-05",1283,51,824,54088,146],
["2020-08-04",1259,51,824,53652,145],["2020-08-03",1248,51,823,53146,144],["2020-08-02",1240,50,823,52560,143],
["2020-08-01",1217,49,790,52129,142],["2020-07-31",1214,49,759,51607,141],["2020-07-30",1192,47,737,51058,140],
["2020-07-29",1177,46,726,50472,139],["2020-07-28",1148,46,726,49797,138],["2020-07-27",1144,46,721,49416,137],
["2020-07-26",1136,46,706,49026,136],["2020-07-25",1123,46,672,48625,135],["2020-07-24",1100,46,647,47962,134],
["2020-07-23",1084,45,647,47416,133],["2020-07-22",1044,45,642,46761,132],["2020-07-21",1024,45,637,46108,131],
["2020-07-19",1012,45,637,45838,130],["2020-07-18",991,45,634,45200,129],["2020-07-17",969,45,634,44600,128],
["2020-07-16",955,45,634,44072,127],["2020-07-15",938,45,634,43600,126],["2020-07-14",908,45,629,43136,125],
["2020-07-13",906,45,629,42899,124],["2020-07-12",893,45,621,42789,123],["2020-07-11",893,45,621,42524,122],
["2020-07-10",866,45,617,41944,121],["2020-07-09",839,44,603,41362,120],["2020-07-08",825,44,594,40760,119],
["2020-07-07",809,44,590,40227,118],["2020-07-06",796,43,581,39899,117],["2020-07-05",791,43,579,39765,116],
["2020-07-04",780,42,575,39468,115],["2020-07-03",764,42,571,38925,114],["2020-07-02",752,42,567,38457,113],
["2020-07-01",743,42,565,38146,112],["2020-06-30",732,42,563,37735,111],["2020-06-29",726,42,562,37408,110],
["2020-06-28",725,42,562,37197,109],["2020-06-27",724,42,560,36917,108],["2020-06-26",716,42,559,36482,107],
["2020-06-25",706,42,559,36096,106],["2020-06-24",689,42,556,35721,105],["2020-06-23",685,42,553,35300,104],
["2020-06-22",685,42,548,34989,103],["2020-06-21",675,42,541,34613,102],["2020-06-20",674,42,535,34335,101],
["2020-06-19",661,42,531,34074,100],["2020-06-18",656,42,526,33706,99],["2020-06-17",649,42,522,33407,98],
["2020-06-16",641,42,513,33085,97],["2020-06-15",641,42,513,32918,96],["2020-06-14",639,42,510,32764,95],
["2020-06-13",635,42,510,32448,94],["2020-06-12",633,42,506,32126,93],["2020-06-11",631,42,502,31903,92],
["2020-06-10",625,42,494,31579,91],["2020-06-09",624,42,490,31280,90],["2020-06-08",623,42,488,30982,89],
["2020-06-07",621,42,484,30737,88],["2020-06-06",620,42,482,30339,87],["2020-06-05",616,42,478,29982,86],
["2020-06-04",613,42,471,29472,85],["2020-06-03",610,41,466,29176,84],["2020-06-02",607,41,459,28581,83],
["2020-06-01",603,41,453,28186,82],["2020-05-31",603,41,445,27608,81],["2020-05-30",601,41,437,27371,80],
["2020-05-29",600,41,430,26896,79],["2020-05-28",599,41,424,26234,78],["2020-05-27",596,39,402,25755,77],
["2020-05-26",595,39,393,25306,76],["2020-05-25",591,38,388,25093,75],["2020-05-24",590,38,387,24899,74],
["2020-05-23",590,37,380,24410,73],["2020-05-22",587,37,372,23886,72],["2020-05-21",583,37,365,23269,71],
["2020-05-20",580,37,348,22803,70],["2020-05-19",577,36,336,22274,69],["2020-05-18",572,35,336,21946,68],
["2020-05-17",567,35,336,21529,67],["2020-05-16",560,34,296,21007,66],["2020-05-15",551,34,292,20458,65],
["2020-05-14",542,32,289,20125,64],["2020-05-13",536,32,282,19428,63],["2020-05-12",528,30,278,18878,62],
["2020-05-11",526,27,269,18490,61],["2020-05-10",516,27,269,17755,60],["2020-05-09",514,26,265,17183,59],
["2020-05-08",508,24,248,16495,58],["2020-05-07",499,20,248,15988,57],["2020-05-06",489,19,236,15469,56],
["2020-05-05",474,19,232,14810,55],["2020-05-04",472,19,232,14463,54],["2020-05-03",450,18,232,14016,53],
["2020-05-02",447,15,232,13744,52],["2020-05-01",429,15,232,13289,51],["2020-04-30",421,15,232,12651,50],
["2020-04-29",395,13,232,12024,49],["2020-04-28",373,13,232,11347,48],["2020-04-27",371,12,232,11009,47],
["2020-04-26",349,12,227,10590,46],["2020-04-25",343,11,217,10028,45],["2020-04-24",320,10,190,9263,44],
["2020-04-23",319,9,190,8743,43],["2020-04-22",308,9,190,8231,42],["2020-04-21",306,8,184,7950,41],
["2020-04-20",297,8,173,7741,40],["2020-04-19",297,8,164,7570,39],["2020-04-18",296,8,164,7208,38],
["2020-04-17",287,8,155,6621,37],["2020-04-16",283,7,143,6192,36],["2020-04-15",268,6,131,5548,35],
["2020-04-14",267,6,119,5186,34],["2020-04-13",258,6,113,4850,33],["2020-04-12",257,6,105,4587,32],
["2020-04-11",244,6,74,4234,31],["2020-04-10",236,6,70,3786,30],["2020-04-09",230,5,55,3361,29],
["2020-04-08",220,4,46,2945,28],["2020-04-07",219,4,39,2766,27],["2020-04-06",192,4,33,2550,26],
["2020-04-05",190,3,19,2456,25],["2020-04-04",187,3,19,2362,24],["2020-04-03",173,2,19,2046,23],
["2020-04-02",172,2,14,1703,22],["2020-04-01",155,2,13,1509,21],["2020-03-31",154,2,11,1352,20],
["2020-03-30",134,0,11,1173,19],["2020-03-29",134,0,2,987,18],["2020-03-28",105,0,2,584,17],
["2020-03-27",104,0,2,510,16],["2020-03-26",82,0,2,334,15],["2020-03-24",81,0,2,259,14],
["2020-03-23",75,0,2,204,13],["2020-03-22",64,0,2,163,12],["2020-03-21",45,0,2,45,11],
["2020-03-20",45,0,2,45,10],["2020-03-19",34,0,2,0,9],["2020-03-18",23,0,2,0,8],
["2020-03-17",21,0,2,0,7],["2020-03-16",16,0,2,0,6],["2020-03-15",16,0,0,0,5],["2020-03-14",16,0,0,0,4],
["2020-03-13",13,0,0,0,3],["2020-03-12",6,0,0,0,2],
["2020-03-05",2,0,0,0,1]]